#Life 2.0
#M #M dsdsdsd
#R B3/S23
4 118
4 119
5 118
5 119
9 77
9 78
10 77
10 78
11 198
11 199
12 31
12 32
12 77
12 118
12 198
12 199
13 31
13 32
13 76
13 78
13 117
13 118
13 119
14 31
14 32
14 76
14 78
14 116
14 117
14 118
14 119
14 120
15 32
15 77
15 115
15 117
15 119
15 121
16 31
16 33
16 115
16 116
16 120
16 121
16 242
16 243
17 31
17 33
17 126
17 242
17 243
18 32
18 74
18 75
18 77
18 79
18 80
18 124
18 125
18 126
18 127
19 74
19 80
19 118
19 123
19 125
19 127
19 128
19 138
19 139
19 242
20 75
20 79
20 117
20 119
20 122
20 125
20 127
20 128
20 129
20 138
20 139
20 241
20 243
21 29
21 30
21 34
21 35
21 76
21 77
21 78
21 117
21 119
21 123
21 125
21 127
21 128
21 241
21 243
22 29
22 31
22 33
22 35
22 118
22 124
22 125
22 126
22 127
22 242
23 30
23 31
23 32
23 33
23 34
23 59
23 60
23 126
23 197
23 198
23 199
23 200
23 201
24 31
24 32
24 33
24 42
24 43
24 59
24 61
24 69
24 70
24 196
24 198
24 199
24 200
24 202
25 19
25 32
25 42
25 43
25 61
25 69
25 70
25 197
25 201
25 223
25 224
25 239
25 240
25 242
25 244
25 245
26 17
26 18
26 19
26 20
26 59
26 60
26 61
26 198
26 199
26 200
26 206
26 207
26 223
26 225
26 233
26 234
26 239
26 245
27 11
27 12
27 16
27 18
27 20
27 21
27 83
27 84
27 123
27 124
27 199
27 206
27 207
27 223
27 225
27 226
27 233
27 234
27 240
27 244
28 11
28 12
28 15
28 18
28 20
28 21
28 22
28 82
28 83
28 84
28 123
28 124
28 224
28 225
28 241
28 242
28 243
29 16
29 18
29 20
29 21
29 79
29 81
29 82
29 92
29 93
29 123
29 124
29 195
29 224
29 255
30 17
30 18
30 19
30 20
30 59
30 60
30 61
30 79
30 82
30 87
30 93
30 116
30 117
30 118
30 122
30 123
30 124
30 194
30 195
30 254
30 256
31 19
31 42
31 43
31 61
31 79
31 81
31 82
31 88
31 116
31 118
31 122
31 124
31 183
31 184
31 193
31 194
31 199
31 200
31 207
31 208
31 212
31 213
31 224
31 253
31 257
31 258
32 42
32 43
32 59
32 61
32 82
32 83
32 84
32 88
32 92
32 116
32 119
32 121
32 124
32 183
32 184
32 192
32 193
32 194
32 199
32 200
32 206
32 208
32 209
32 211
32 212
32 214
32 224
32 225
32 253
32 257
32 258
33 59
33 60
33 83
33 84
33 90
33 118
33 119
33 121
33 122
33 193
33 194
33 199
33 200
33 206
33 214
33 223
33 225
33 226
33 233
33 234
33 253
33 257
33 258
34 194
34 195
34 206
34 208
34 209
34 211
34 212
34 214
34 223
34 225
34 233
34 234
34 254
34 256
35 26
35 27
35 174
35 175
35 195
35 207
35 208
35 212
35 213
35 223
35 224
35 255
36 26
36 27
36 174
36 175
38 116
38 117
38 123
38 124
38 240
38 241
38 242
38 258
39 116
39 117
39 119
39 121
39 123
39 124
39 177
39 240
39 241
39 242
39 247
39 248
39 256
39 257
39 259
39 260
40 116
40 119
40 121
40 124
40 176
40 239
40 243
40 247
40 248
41 116
41 117
41 118
41 122
41 123
41 124
41 176
41 238
41 244
41 255
41 261
42 239
42 240
42 242
42 243
43 27
43 33
43 255
43 256
43 258
43 260
43 261
44 26
44 27
44 28
44 32
44 33
44 34
44 172
44 173
44 177
44 178
44 239
44 240
44 242
44 243
45 25
45 28
45 29
45 31
45 32
45 35
45 108
45 109
45 175
45 238
45 244
46 25
46 26
46 27
46 33
46 34
46 35
46 108
46 109
46 172
46 178
46 239
46 243
47 173
47 174
47 176
47 177
47 240
47 241
47 242
48 174
48 176
48 240
48 241
48 242
49 175
49 199
49 200
50 175
50 182
50 183
50 199
50 201
50 209
50 210
51 182
51 183
51 201
51 209
51 210
52 199
52 200
52 201
52 257
52 258
53 171
53 257
53 258
54 107
54 108
54 109
54 116
54 117
54 123
54 124
54 171
54 173
54 186
55 106
55 110
55 116
55 117
55 123
55 124
55 159
55 160
55 172
55 174
55 184
55 188
55 189
55 239
55 240
55 248
55 249
56 105
56 111
56 159
56 160
56 172
56 175
56 183
56 184
56 186
56 188
56 189
56 199
56 200
56 201
56 239
56 241
56 242
56 246
56 247
56 249
57 39
57 105
57 106
57 108
57 110
57 111
57 172
57 174
57 182
57 183
57 190
57 201
57 209
57 210
57 235
57 239
57 243
57 245
57 249
58 39
58 40
58 41
58 116
58 151
58 152
58 171
58 173
58 183
58 184
58 186
58 188
58 189
58 199
58 201
58 209
58 210
58 233
58 234
58 235
58 239
58 240
58 243
58 245
58 248
58 249
59 42
59 115
59 117
59 151
59 153
59 171
59 184
59 188
59 189
59 199
59 200
59 232
59 240
59 241
59 242
59 246
59 247
59 248
60 41
60 42
60 108
60 113
60 114
60 118
60 128
60 129
60 152
60 153
60 154
60 186
60 232
60 233
60 241
60 247
61 107
61 109
61 113
61 114
61 118
61 128
61 129
61 153
61 154
62 26
62 27
62 33
62 34
62 107
62 109
62 113
62 114
62 118
62 153
62 154
63 26
63 27
63 33
63 34
63 108
63 115
63 117
63 151
63 153
64 116
64 152
66 43
66 44
66 45
66 240
66 241
66 247
66 248
67 42
67 46
67 149
67 150
67 154
67 155
67 227
67 228
67 232
67 233
67 240
67 241
67 247
67 248
68 113
68 114
68 149
68 150
68 154
68 155
68 230
69 41
69 47
69 112
69 115
69 227
69 233
70 41
70 42
70 46
70 47
70 107
70 115
70 151
70 152
70 153
70 228
70 229
70 231
70 232
71 106
71 108
71 112
71 115
71 151
71 152
71 153
71 229
71 231
72 105
72 106
72 108
72 109
72 111
72 112
72 114
72 115
72 152
72 171
72 175
72 230
73 44
73 109
73 111
73 159
73 160
73 170
73 176
73 186
73 187
73 230
74 43
74 45
74 108
74 109
74 111
74 112
74 159
74 160
74 176
74 186
74 187
75 43
75 45
75 171
75 175
75 176
76 45
76 146
76 148
76 172
76 173
76 174
77 45
77 146
77 150
78 42
78 45
78 136
78 137
78 150
78 162
78 163
78 165
78 172
78 173
78 174
78 230
78 231
79 43
79 44
79 106
79 107
79 108
79 112
79 113
79 114
79 136
79 137
79 146
79 151
79 161
79 163
79 165
79 171
79 175
79 176
79 230
79 231
80 48
80 105
80 115
80 150
80 161
80 166
80 176
80 186
80 187
81 48
81 49
81 50
81 105
81 109
81 111
81 115
81 127
81 128
81 146
81 150
81 161
81 163
81 165
81 170
81 176
81 186
81 187
82 51
82 106
82 107
82 108
82 112
82 113
82 114
82 127
82 128
82 146
82 148
82 162
82 163
82 165
82 171
82 175
83 50
83 51
83 107
83 113
85 127
85 128
85 129
86 127
86 128
86 129
87 217
88 52
88 53
88 54
88 215
88 216
88 217
89 214
90 52
90 54
90 125
90 126
90 130
90 131
90 214
90 215
91 51
91 52
91 53
91 54
91 55
91 126
91 127
91 128
91 129
91 130
92 50
92 51
92 55
92 56
92 127
92 128
92 129
93 50
93 51
93 55
93 56
93 128
94 22
94 23
94 147
95 22
95 23
95 106
95 107
95 113
95 114
95 143
95 144
95 147
96 53
96 106
96 107
96 113
96 114
96 135
96 136
96 142
96 148
96 162
96 163
97 54
97 55
97 135
97 136
97 141
97 142
97 145
97 147
97 162
97 163
98 142
98 143
98 147
98 209
98 210
98 214
98 215
99 56
99 121
99 122
99 143
99 144
99 145
99 210
99 211
99 212
99 213
99 214
100 59
100 121
100 122
100 210
100 211
100 213
100 214
101 52
101 55
101 59
101 60
101 61
101 112
101 113
101 117
101 124
101 125
101 143
101 144
101 145
101 210
101 211
101 213
101 214
102 52
102 53
102 62
102 112
102 114
102 118
102 124
102 125
102 126
102 142
102 143
102 147
102 211
102 212
102 213
103 61
103 62
103 113
103 114
103 115
103 116
103 117
103 124
103 125
103 141
103 142
103 145
103 147
103 162
103 163
104 20
104 21
104 23
104 25
104 26
104 114
104 115
104 116
104 121
104 122
104 142
104 148
104 162
104 163
105 121
105 122
105 143
105 144
105 147
106 20
106 26
106 147
107 11
107 12
108 11
108 12
108 21
108 22
108 24
108 25
108 212
108 213
109 6
109 7
109 14
109 15
109 23
109 212
109 213
110 5
110 8
110 14
110 15
110 16
111 6
111 7
111 14
111 15
111 64
112 11
112 12
112 63
112 64
112 65
112 196
113 11
113 12
113 62
113 63
113 64
113 65
113 66
113 194
113 195
113 196
114 6
114 7
114 8
114 61
114 62
114 66
114 67
114 193
115 6
115 7
115 8
115 62
115 63
115 64
115 65
115 66
115 193
115 194
116 24
116 62
116 66
117 17
117 18
117 23
117 24
117 25
117 63
117 65
118 17
118 18
118 22
118 26
118 64
118 190
118 191
118 192
119 4
119 5
119 9
119 10
119 22
119 23
119 25
119 26
119 190
119 191
119 192
120 5
120 6
120 7
120 8
120 9
120 22
120 23
120 25
120 26
120 189
120 193
121 6
121 7
121 8
121 63
121 64
121 188
121 194
122 7
122 22
122 23
122 25
122 26
122 63
122 64
122 189
122 193
123 22
123 23
123 25
123 26
123 190
123 191
123 192
124 22
124 26
125 23
125 24
125 25
126 24
130 7
130 8
131 7
131 8
133 17
133 25
133 191
133 192
134 16
134 17
134 18
134 19
134 23
134 24
134 25
134 26
134 68
134 69
134 191
134 192
135 16
135 20
135 22
135 26
135 69
136 17
136 20
136 22
136 25
136 69
136 71
136 80
136 81
137 17
137 18
137 19
137 23
137 24
137 25
137 70
137 71
137 78
137 81
137 89
138 77
138 85
138 86
138 90
138 175
139 77
139 84
139 90
139 173
139 174
139 175
140 77
140 85
140 86
140 87
140 88
140 89
140 172
141 78
141 81
141 172
141 173
142 80
142 81
144 17
144 18
144 24
144 25
145 17
145 18
145 24
145 25
148 24
148 25
148 31
148 32
149 24
149 25
149 31
149 32
151 168
151 169
151 170
151 171
151 172
152 167
152 169
152 170
152 171
152 173
153 168
153 172
154 169
154 170
154 171
155 170
159 170
159 171
160 170
160 171
164 24
164 32
165 23
165 24
165 25
165 26
165 30
165 31
165 32
165 33
166 23
166 27
166 29
166 33
167 24
167 27
167 29
167 32
168 24
168 25
168 26
168 30
168 31
168 32
170 53
170 54
171 53
171 54
175 24
175 25
175 53
176 24
176 25
176 52
176 53
176 54
177 51
177 55
178 50
178 52
178 53
178 54
178 56
179 51
179 52
179 53
179 54
179 55
180 21
181 20
181 21
181 30
182 19
182 20
182 25
182 26
182 29
182 31
183 9
183 10
183 18
183 19
183 20
183 25
183 26
183 29
183 31
184 9
184 10
184 19
184 20
184 25
184 26
184 30
184 61
184 62
184 63
184 64
184 72
184 73
185 20
185 21
185 60
185 64
185 71
185 74
185 87
185 88
186 21
186 60
186 71
186 74
186 75
186 87
186 88
187 27
187 28
187 32
187 33
187 61
187 63
187 64
187 66
187 71
187 74
188 27
188 28
188 32
188 33
188 46
188 64
188 65
188 66
188 73
189 46
189 47
190 29
190 30
190 31
190 37
190 38
190 41
190 42
190 47
190 48
190 64
190 65
190 66
190 73
191 29
191 30
191 31
191 37
191 38
191 41
191 42
191 47
191 48
191 49
191 63
191 64
191 66
191 71
191 74
192 30
192 41
192 42
192 47
192 48
192 62
192 71
192 74
192 75
192 87
192 88
193 46
193 47
193 63
193 64
193 71
193 74
193 87
193 88
194 46
194 64
194 72
194 73
198 29
198 30
199 29
199 30
201 32
201 33
202 32
202 33
206 60
206 61
207 32
207 33
207 34
207 60
207 61
208 32
208 33
208 34
209 31
209 35
211 30
211 31
211 35
211 36
211 60
211 61
211 62
212 60
212 61
212 62
213 59
213 63
214 23
214 24
214 30
214 31
214 58
214 64
215 22
215 23
215 24
215 28
215 33
215 59
215 63
216 19
216 21
216 22
216 28
216 60
216 61
216 62
217 19
217 22
217 27
217 34
218 19
218 21
218 22
218 32
218 34
219 22
219 23
219 24
220 23
220 24
224 27
224 28
224 93
224 94
225 27
225 28
225 58
225 59
225 91
225 95
226 16
226 17
226 18
226 59
226 90
226 96
227 15
227 19
227 56
227 57
227 58
227 89
227 90
227 92
227 96
227 105
227 106
228 14
228 20
228 56
228 90
228 96
228 105
228 106
229 14
229 15
229 17
229 19
229 20
229 28
229 34
229 86
229 87
229 91
229 95
230 27
230 28
230 29
230 33
230 34
230 35
230 85
230 87
230 93
230 94
231 26
231 27
231 30
231 32
231 35
231 36
231 85
231 102
231 103
231 109
231 110
232 17
232 26
232 27
232 29
232 30
232 32
232 33
232 35
232 36
232 84
232 85
232 100
232 103
232 109
232 112
233 16
233 18
233 29
233 30
233 32
233 33
234 16
234 18
234 27
234 29
234 33
234 35
234 105
234 107
235 17
235 26
235 29
235 33
235 36
235 100
235 101
235 105
235 107
235 111
235 112
236 29
236 33
237 17
237 18
237 26
237 28
237 34
237 36
237 104
237 108
238 17
238 18
238 27
238 35
241 102
241 103
241 109
241 110
242 64
243 63
243 65
243 101
243 111
244 61
244 62
244 66
244 101
244 105
244 107
244 111
245 61
245 62
245 66
245 76
245 77
245 101
245 105
245 107
245 111
246 61
246 62
246 66
246 76
246 77
246 102
246 104
246 108
246 110
247 57
247 58
247 63
247 65
247 103
247 109
248 56
248 58
248 64
249 56
250 55
250 56
251 27
251 28
251 34
251 35
252 27
252 28
252 34
252 35
255 29
255 31
255 45
255 46
256 28
256 31
256 44
256 46
256 48
256 49
256 58
256 59
256 69
256 70
257 27
257 28
257 35
257 36
257 43
257 44
257 48
257 49
257 59
257 60
257 69
257 70
258 19
258 20
258 25
258 26
258 30
258 34
258 37
258 44
258 46
258 48
258 49
258 55
258 56
258 57
258 58
258 59
258 109
258 110
259 19
259 20
259 27
259 28
259 35
259 36
259 45
259 46
259 55
259 56
259 57
259 58
259 109
259 110
260 28
260 31
260 35
260 36
261 29
261 31
261 35
261 55
261 56
261 57
261 58
262 34
262 36
262 55
262 56
262 57
262 58
262 59
263 34
263 36
263 42
263 43
263 59
263 60
263 69
263 70
263 115
264 35
264 42
264 43
264 58
264 59
264 69
264 70
264 112
264 113
264 114
264 115
264 120
265 111
265 112
265 113
265 114
265 120
266 104
266 111
266 114
266 124
266 125
267 32
267 33
267 37
267 38
267 103
267 104
267 105
267 111
267 112
267 113
267 114
267 124
267 125
268 32
268 34
268 36
268 38
268 102
268 106
268 112
268 113
268 114
268 115
269 33
269 34
269 35
269 36
269 37
269 101
269 103
269 104
269 105
269 107
269 115
270 34
270 35
270 36
270 102
270 103
270 104
270 105
270 106
271 35
271 48
272 47
272 48
272 49
272 50
273 46
273 47
273 49
273 51
273 55
273 56
274 45
274 46
274 47
274 49
274 52
274 55
274 56
275 46
275 47
275 49
275 51
276 47
276 48
276 49
276 50
277 48
281 104
281 105
282 104
282 105
